
0.25	1792.02533
0.2505	1788.47195
0.251	1772.7316
0.2515	1745.67425
0.252	1708.65556
0.2525	1663.44936
0.253	1612.16267
0.2535	1557.13757
0.254	1500.84435
0.2545	1445.77106
0.255	1394.31422
0.2555	1348.67554
0.256	1310.76889
0.2565	1282.14144
0.257	1263.91187
0.2575	1256.72816
0.258	1260.74636
0.2585	1275.63085
0.259	1300.57587
0.2595	1334.34706
0.26	1375.34111
0.2605	1421.66057
0.261	1471.20071
0.2615	1521.74435
0.262	1571.06048
0.2625	1617.00245
0.263	1657.60124
0.2635	1691.14973
0.264	1716.27446
0.2645	1731.9916
0.265	1737.74492
0.2655	1733.42431
0.266	1719.36422
0.2665	1696.32233
0.267	1665.43988
0.2675	1628.18567
0.268	1586.28639
0.2685	1541.64679
0.269	1496.26339
0.2695	1452.13549
0.27	1411.17765
0.2705	1375.13727
0.271	1345.52079
0.2715	1323.53161
0.272	1310.02212
0.2725	1305.46174
0.273	1309.922
0.2735	1323.07916
0.274	1344.23392
0.2745	1372.34714
0.275	1406.08994
0.2755	1443.90566
0.276	1484.08103
0.2765	1524.82326
0.277	1564.33962
0.2775	1600.91603
0.278	1632.99119
0.2785	1659.22304
0.279	1678.54468
0.2795	1690.20744
0.28	1693.80931
0.2805	1689.30769
0.281	1677.01607
0.2815	1657.58508
0.282	1631.96899
0.2825	1601.37925
0.283	1567.22753
0.2835	1531.06084
0.284	1494.49169
0.2845	1459.12649
0.285	1426.49541
0.2855	1397.98659
0.286	1374.78766
0.2865	1357.83679
0.287	1347.78548
0.2875	1344.97428
0.288	1349.42244
0.2885	1360.83171
0.289	1378.60386
0.2895	1401.87103
0.29	1429.53742
0.2905	1460.33033
0.291	1492.85827
0.2915	1525.67342
0.292	1557.3358
0.2925	1586.47618
0.293	1611.85507
0.2935	1632.41523
0.294	1647.32546
0.2945	1656.01382
0.295	1658.18908
0.2955	1653.84941
0.296	1643.27835
0.2965	1627.0282
0.297	1605.89189
0.2975	1580.86473
0.298	1553.0978
0.2985	1523.84527
0.299	1494.40799
0.2995	1466.07589
0.3	1440.07177
0.3005	1417.49883
0.301	1399.29428
0.3015	1386.19081
0.302	1378.68764
0.3025	1377.03209
0.303	1381.21246
0.3035	1390.96228
0.304	1405.77556
0.3045	1424.93233
0.305	1447.53313
0.3055	1472.54079
0.306	1498.82774
0.3065	1525.22654
0.307	1550.58152
0.3075	1573.79909
0.308	1593.89477
0.3085	1610.03469
0.309	1621.56993
0.3095	1628.06231
0.31	1629.30054
0.3105	1625.30619
0.311	1616.32941
0.3115	1602.83459
0.312	1585.47701
0.3125	1565.07129
0.313	1542.55346
0.3135	1518.93824
0.314	1495.27351
0.3145	1472.59404
0.315	1451.87644
0.3155	1433.99742
0.316	1419.69688
0.3165	1409.54772
0.317	1403.93318
0.3175	1403.03291
0.318	1406.81811
0.3185	1415.05577
0.319	1427.3218
0.3195	1443.02232
0.32	1461.42198
0.3205	1481.67815
0.321	1502.8792
0.3215	1524.08536
0.322	1544.37018
0.3225	1562.86076
0.323	1578.77522
0.3235	1591.45551
0.324	1600.39442
0.3245	1605.25557
0.325	1605.88568
0.3255	1602.31855
0.326	1594.77093
0.3265	1583.63033
0.327	1569.4356
0.3275	1552.85119
0.328	1534.63621
0.3285	1515.60991
0.329	1496.61502
0.3295	1478.48056
0.33	1461.98585
0.3305	1447.82725
0.331	1436.58892
0.3315	1428.71903
0.332	1424.51213
0.3325	1424.09859
0.333	1427.44129
0.3335	1434.33967
0.334	1444.44087
0.3345	1457.25734
0.335	1472.1901
0.3355	1488.55644
0.336	1505.62098
0.3365	1522.62856
0.337	1538.83745
0.3375	1553.55158
0.338	1566.15027
0.3385	1576.11424
0.339	1583.04684
0.3395	1586.68959
0.34	1586.93143
0.3405	1583.81145
0.341	1577.51496
0.3415	1568.36328
0.342	1556.79769
0.3425	1543.35839
0.343	1528.65947
0.3435	1513.361
0.344	1498.13953
0.3445	1483.65832
0.345	1470.53856
0.3455	1459.33293
0.346	1450.50242
0.3465	1444.39764
0.347	1441.24506
0.3475	1441.13902
0.348	1444.03955
0.3485	1449.77601
0.349	1458.05654
0.3495	1468.48254
0.35	1480.56758
0.3505	1493.75998
0.351	1507.46779
0.3515	1521.08525
0.352	1534.0194
0.3525	1545.71579
0.353	1555.68213
0.3535	1563.50886
0.354	1568.8858
0.3545	1571.61428
0.355	1571.61414
0.3555	1568.92549
0.356	1563.70519
0.3565	1556.21829
0.357	1546.82488
0.3575	1535.9629
0.358	1524.12798
0.3585	1511.85083
0.359	1499.67369
0.3595	1488.12638
0.36	1477.70344
0.3605	1468.84306
0.361	1461.90876
0.3615	1457.17467
0.362	1454.81489
0.3625	1454.89735
0.363	1457.38245
0.3635	1462.12632
0.364	1468.88869
0.3645	1477.34478
0.365	1487.10069
0.3655	1497.71161
0.366	1508.70201
0.3665	1519.58682
0.367	1529.89271
0.3675	1539.17862
0.368	1547.05449
0.3685	1553.19755
0.369	1557.36542
0.3695	1559.40548
0.37	1559.26019
0.3705	1556.96824
0.371	1552.66138
0.3715	1546.55736
0.372	1538.94907
0.3725	1530.19071
0.373	1520.6814
0.3735	1510.84709
0.374	1501.12159
0.3745	1491.92753
0.375	1483.65806
0.3755	1476.66018
0.376	1471.22027
0.3765	1467.55248
0.377	1465.7905
0.3775	1465.98288
0.378	1468.09223
0.3785	1471.99808
0.379	1477.50338
0.3795	1484.34426
0.38	1492.2025
0.3805	1500.72023
0.381	1509.51613
0.3815	1518.2024
0.382	1526.4018
0.3825	1533.76394
0.383	1539.98013
0.3835	1544.7963
0.384	1548.0232
0.3845	1549.54374
0.385	1549.317
0.3855	1547.37891
0.386	1543.83948
0.3865	1538.87696
0.387	1532.729
0.3875	1525.68144
0.388	1518.05505
0.3885	1510.19111
0.389	1502.43613
0.3895	1495.12672
0.39	1488.57501
0.3905	1483.05542
0.391	1478.79329
0.3915	1475.9557
0.392	1474.64513
0.3925	1474.89595
0.393	1476.67388
0.3935	1479.87856
0.394	1484.34893
0.3945	1489.8711
0.395	1496.18853
0.3955	1503.01381
0.396	1510.04169
0.3965	1516.96263
0.397	1523.47641
0.3975	1529.30503
0.398	1534.20456
0.3985	1537.97522
0.399	1540.46946
0.3995	1541.59763
0.4	1541.33099
0.4005	1539.70205
0.401	1536.80228
0.4015	1532.77719
0.402	1527.81918
0.4025	1522.15847
0.403	1516.05247
0.4035	1509.77413
0.404	1503.59985
0.4045	1497.79731
0.405	1492.61398
0.4055	1488.26661
0.406	1484.93222
0.4065	1482.74102
0.407	1481.77139
0.4075	1482.04726
0.408	1483.5379
0.4085	1486.16004
0.409	1489.78234
0.4095	1494.23179
0.41	1499.30194
0.4105	1504.76234
0.411	1510.36902
0.4115	1515.87526
0.412	1521.04247
0.4125	1525.6504
0.413	1529.50653
0.4135	1532.45401
0.414	1534.37798
0.4145	1535.20996
0.415	1534.9301
0.4155	1533.56737
0.416	1531.1975
0.4165	1527.93901
0.417	1523.9474
0.4175	1519.40779
0.418	1514.5264
0.4185	1509.52126
0.419	1504.61249
0.4195	1500.0127
0.42	1495.91781
0.4205	1492.49878
0.421	1489.8945
0.4215	1488.20623
0.422	1487.49377
0.4225	1487.77346
0.423	1489.01811
0.4235	1491.15887
0.424	1494.08886
0.4245	1497.66838
0.425	1501.73153
0.4255	1506.09381
0.426	1510.56049
0.4265	1514.93518
0.427	1519.02852
0.4275	1522.66626
0.428	1525.69666
0.4285	1527.99674
0.429	1529.47727
0.4295	1530.08608
0.43	1529.80981
0.4305	1528.6739
0.431	1526.74091
0.4315	1524.1072
0.432	1520.89823
0.4325	1517.26265
0.433	1513.36547
0.4335	1509.38059
0.434	1505.48311
0.4345	1501.84167
0.435	1498.61119
0.4355	1495.92631
0.436	1493.89583
0.4365	1492.59838
0.437	1492.07941
0.4375	1492.34976
0.438	1493.38566
0.4385	1495.13032
0.439	1497.4969
0.4395	1500.37277
0.44	1503.62479
0.4405	1507.10542
0.441	1510.65942
0.4415	1514.13068
0.442	1517.3691
0.4425	1520.23698
0.443	1522.61488
0.4435	1524.40656
0.444	1525.54279
0.4445	1525.98398
0.445	1525.72145
0.4455	1524.77736
0.446	1523.20323
0.4465	1521.07729
0.447	1518.50065
0.4475	1515.59252
0.448	1512.48476
0.4485	1509.31595
0.449	1506.22519
0.4495	1503.34609
0.45	1500.80097
0.4505	1498.69575
0.451	1497.11554
0.4515	1496.12124
0.452	1495.74731
0.4525	1496.00059
0.453	1496.8605
0.4535	1498.28029
0.454	1500.18951
0.4545	1502.49745
0.455	1505.09738
0.4555	1507.87147
0.456	1510.69609
0.4565	1513.44729
0.457	1516.0062
0.4575	1518.26416
0.458	1520.12729
0.4585	1521.52037
0.459	1522.3898
0.4595	1522.70566
0.46	1522.46262
0.4605	1521.67982
0.461	1520.39961
0.4615	1518.68543
0.462	1516.61866
0.4625	1514.29482
0.463	1511.81917
0.4635	1509.302
0.464	1506.85371
0.4645	1504.58004
0.465	1502.57747
0.4655	1500.9292
0.466	1499.70169
0.4665	1498.94204
0.467	1498.67625
0.4675	1498.90835
0.468	1499.62061
0.4685	1500.77463
0.469	1502.31332
0.4695	1504.16371
0.47	1506.24031
0.4705	1508.44911
0.471	1510.69176
0.4715	1512.86993
0.472	1514.8896
0.4725	1516.66513
0.473	1518.12281
0.4735	1519.20393
0.474	1519.86711
0.4745	1520.08981
0.475	1519.86907
0.4755	1519.2213
0.476	1518.18129
0.4765	1516.80041
0.477	1515.1441
0.4775	1513.28882
0.478	1511.31852
0.4785	1509.32092
0.479	1507.38354
0.4795	1505.58996
0.48	1504.0162
0.4805	1502.72754
0.481	1501.7758
0.4815	1501.19734
0.482	1501.01166
0.4825	1501.22083
0.483	1501.80969
0.4835	1502.74672
0.484	1503.98572
0.4845	1505.46802
0.485	1507.12524
0.4855	1508.88241
0.486	1510.66136
0.4865	1512.38417
0.487	1513.97656
0.4875	1515.37108
0.488	1516.50993
0.4885	1517.34737
0.489	1517.85151
0.4895	1518.00546
0.49	1517.80789
0.4905	1517.27281
0.491	1516.42875
0.4915	1515.31726
0.492	1513.99092
0.4925	1512.5109
0.493	1510.9441
0.4935	1509.36019
0.494	1507.82853
0.4945	1506.41511
0.495	1505.17977
0.4955	1504.17366
0.496	1503.43714
0.4965	1502.99818
0.497	1502.87137
0.4975	1503.05743
0.498	1503.54344
0.4985	1504.30359
0.499	1505.30052
0.4995	1506.48709
0.5	
